(6,5,8),
(4,34,1),
(10,6,6),
(3,10,8),
(9,13,10),
(2,6,5),
(10,32,1),
(8,27,9),
(8,2,8),
(4,5,8),
(1,9,9),
(1,12,9),
(7,32,6),
(2,30,7),
(2,29,7),
(6,14,7),
(10,10,2),
(9,27,8),
(1,17,5),
(6,25,1),
(4,7,6),
(1,25,5),
(8,23,9),
(9,24,2),
(8,9,4),
(1,7,7),
(2,16,6),
(4,15,7),
(4,34,8),
(2,22,5),
(10,17,9),
(5,25,5),
(5,32,9),
(1,10,2),
(8,29,10),
(10,2,2),
(10,6,8),
(1,9,5),
(2,11,7),
(8,29,4),
(8,19,1),
(6,32,7),
(9,8,6),
(4,6,4),
(10,18,8),
(10,17,7),
(10,33,7),
(8,31,8),
(7,27,10),
(10,14,7),
(4,22,2),
(2,5,5),
(6,33,4),
(8,1,6),
(3,24,8),
(4,18,1),
(4,6,7),
(5,12,5),
(1,15,3),
(10,14,5),
(8,16,5),
(10,1,1),
(6,6,4),
(5,10,10),
(4,9,3),
(4,11,9),
(8,18,4),
(4,20,3),
(9,31,9),
(3,9,9),
(3,12,8),
(5,30,9),
(6,12,7),
(8,3,1),
(1,14,1),
(5,12,9),
(4,14,6),
(9,1,7),
(10,28,8),
(1,23,5),
(4,13,3),
(9,34,2),
(5,24,3),
(6,19,2),
(1,32,3),
(9,25,1),
(9,14,5),
(3,1,2),
(6,16,9),
(5,6,9),
(7,21,2),
(4,3,8),
(6,2,3),
(2,17,8),
(7,28,7),
(7,1,10),
(1,26,2),
(2,17,5),
(2,23,3),
(5,26,8),
